start=50.916268
volume=60.000000
af=scaletempo=speed=tempo
