start=62.227991
volume=60.000000
af=scaletempo=speed=tempo
