start=216.271000
volume=70.000000
af=scaletempo=speed=tempo
