start=19.246838
volume=60.000000
af=scaletempo=speed=tempo
