start=142.799061
volume=70.000000
af=scaletempo=speed=tempo
